[R]andom [A]ppend [I]nsert [D]elete [G]etCursor D[u]plicated [Q]uit
4=Left, 6=Right, 2=Down, 8=Up, 7=home, 1=end

>r
Row: 9 Col: -1
 :    8)     67    34     0    69    24    78    58    62
 :    0)
 :    7)     45    81    27    61    91    95    42
 :    9)     36    91     4     2    53    92    82    21    16
 :    6)     95    47    26    71    38    69
 :    2)     67    99
 :    7)     94     3    11    22    33    73    64
 :    5)     11    53    68    47    44
 :    3)     57    37    59
[:]   0)
>r
Row: 9 Col: 7
 :    6)     29    78    16    35    90    42
 :    2)      6    40
 :    10)    64    48    46     5    90    29    70    50     6     1
 :    6)     48    29    23    84    54    56
 :    4)     66    76    31     8
 :    4)     39    26    23    37
 :    0)
 :    3)     82    29    41
 :    4)     15    39    58     4
 :    8)     77     6    73    86    21    45    24   [72]
>8
Row: 8 Col: 3
 :    6)     29    78    16    35    90    42
 :    2)      6    40
 :    10)    64    48    46     5    90    29    70    50     6     1
 :    6)     48    29    23    84    54    56
 :    4)     66    76    31     8
 :    4)     39    26    23    37
 :    0)
 :    3)     82    29    41
 :    4)     15    39    58   [ 4]
 :    8)     77     6    73    86    21    45    24    72
>8
Row: 7 Col: 2
 :    6)     29    78    16    35    90    42
 :    2)      6    40
 :    10)    64    48    46     5    90    29    70    50     6     1
 :    6)     48    29    23    84    54    56
 :    4)     66    76    31     8
 :    4)     39    26    23    37
 :    0)
 :    3)     82    29   [41]
 :    4)     15    39    58     4
 :    8)     77     6    73    86    21    45    24    72
>8
Row: 6 Col: -1
 :    6)     29    78    16    35    90    42
 :    2)      6    40
 :    10)    64    48    46     5    90    29    70    50     6     1
 :    6)     48    29    23    84    54    56
 :    4)     66    76    31     8
 :    4)     39    26    23    37
[:]   0)
 :    3)     82    29    41
 :    4)     15    39    58     4
 :    8)     77     6    73    86    21    45    24    72
>8888
Row: 5 Col: 0
 :    6)     29    78    16    35    90    42
 :    2)      6    40
 :    10)    64    48    46     5    90    29    70    50     6     1
 :    6)     48    29    23    84    54    56
 :    4)     66    76    31     8
 :    4)    [39]   26    23    37
 :    0)
 :    3)     82    29    41
 :    4)     15    39    58     4
 :    8)     77     6    73    86    21    45    24    72
>Row: 4 Col: 0
 :    6)     29    78    16    35    90    42
 :    2)      6    40
 :    10)    64    48    46     5    90    29    70    50     6     1
 :    6)     48    29    23    84    54    56
 :    4)    [66]   76    31     8
 :    4)     39    26    23    37
 :    0)
 :    3)     82    29    41
 :    4)     15    39    58     4
 :    8)     77     6    73    86    21    45    24    72
>Row: 3 Col: 0
 :    6)     29    78    16    35    90    42
 :    2)      6    40
 :    10)    64    48    46     5    90    29    70    50     6     1
 :    6)    [48]   29    23    84    54    56
 :    4)     66    76    31     8
 :    4)     39    26    23    37
 :    0)
 :    3)     82    29    41
 :    4)     15    39    58     4
 :    8)     77     6    73    86    21    45    24    72
>Row: 2 Col: 0
 :    6)     29    78    16    35    90    42
 :    2)      6    40
 :    10)   [64]   48    46     5    90    29    70    50     6     1
 :    6)     48    29    23    84    54    56
 :    4)     66    76    31     8
 :    4)     39    26    23    37
 :    0)
 :    3)     82    29    41
 :    4)     15    39    58     4
 :    8)     77     6    73    86    21    45    24    72
>666666666666666
Row: 2 Col: 1
 :    6)     29    78    16    35    90    42
 :    2)      6    40
 :    10)    64   [48]   46     5    90    29    70    50     6     1
 :    6)     48    29    23    84    54    56
 :    4)     66    76    31     8
 :    4)     39    26    23    37
 :    0)
 :    3)     82    29    41
 :    4)     15    39    58     4
 :    8)     77     6    73    86    21    45    24    72
>Row: 2 Col: 2
 :    6)     29    78    16    35    90    42
 :    2)      6    40
 :    10)    64    48   [46]    5    90    29    70    50     6     1
 :    6)     48    29    23    84    54    56
 :    4)     66    76    31     8
 :    4)     39    26    23    37
 :    0)
 :    3)     82    29    41
 :    4)     15    39    58     4
 :    8)     77     6    73    86    21    45    24    72
>Row: 2 Col: 3
 :    6)     29    78    16    35    90    42
 :    2)      6    40
 :    10)    64    48    46   [ 5]   90    29    70    50     6     1
 :    6)     48    29    23    84    54    56
 :    4)     66    76    31     8
 :    4)     39    26    23    37
 :    0)
 :    3)     82    29    41
 :    4)     15    39    58     4
 :    8)     77     6    73    86    21    45    24    72
>Row: 2 Col: 4
 :    6)     29    78    16    35    90    42
 :    2)      6    40
 :    10)    64    48    46     5   [90]   29    70    50     6     1
 :    6)     48    29    23    84    54    56
 :    4)     66    76    31     8
 :    4)     39    26    23    37
 :    0)
 :    3)     82    29    41
 :    4)     15    39    58     4
 :    8)     77     6    73    86    21    45    24    72
>Row: 2 Col: 5
 :    6)     29    78    16    35    90    42
 :    2)      6    40
 :    10)    64    48    46     5    90   [29]   70    50     6     1
 :    6)     48    29    23    84    54    56
 :    4)     66    76    31     8
 :    4)     39    26    23    37
 :    0)
 :    3)     82    29    41
 :    4)     15    39    58     4
 :    8)     77     6    73    86    21    45    24    72
>Row: 2 Col: 6
 :    6)     29    78    16    35    90    42
 :    2)      6    40
 :    10)    64    48    46     5    90    29   [70]   50     6     1
 :    6)     48    29    23    84    54    56
 :    4)     66    76    31     8
 :    4)     39    26    23    37
 :    0)
 :    3)     82    29    41
 :    4)     15    39    58     4
 :    8)     77     6    73    86    21    45    24    72
>Row: 2 Col: 7
 :    6)     29    78    16    35    90    42
 :    2)      6    40
 :    10)    64    48    46     5    90    29    70   [50]    6     1
 :    6)     48    29    23    84    54    56
 :    4)     66    76    31     8
 :    4)     39    26    23    37
 :    0)
 :    3)     82    29    41
 :    4)     15    39    58     4
 :    8)     77     6    73    86    21    45    24    72
>Row: 2 Col: 8
 :    6)     29    78    16    35    90    42
 :    2)      6    40
 :    10)    64    48    46     5    90    29    70    50   [ 6]    1
 :    6)     48    29    23    84    54    56
 :    4)     66    76    31     8
 :    4)     39    26    23    37
 :    0)
 :    3)     82    29    41
 :    4)     15    39    58     4
 :    8)     77     6    73    86    21    45    24    72
>Row: 2 Col: 9
 :    6)     29    78    16    35    90    42
 :    2)      6    40
 :    10)    64    48    46     5    90    29    70    50     6   [ 1]
 :    6)     48    29    23    84    54    56
 :    4)     66    76    31     8
 :    4)     39    26    23    37
 :    0)
 :    3)     82    29    41
 :    4)     15    39    58     4
 :    8)     77     6    73    86    21    45    24    72
>Row: 2 Col: 9
 :    6)     29    78    16    35    90    42
 :    2)      6    40
 :    10)    64    48    46     5    90    29    70    50     6   [ 1]
 :    6)     48    29    23    84    54    56
 :    4)     66    76    31     8
 :    4)     39    26    23    37
 :    0)
 :    3)     82    29    41
 :    4)     15    39    58     4
 :    8)     77     6    73    86    21    45    24    72
>Row: 2 Col: 9
 :    6)     29    78    16    35    90    42
 :    2)      6    40
 :    10)    64    48    46     5    90    29    70    50     6   [ 1]
 :    6)     48    29    23    84    54    56
 :    4)     66    76    31     8
 :    4)     39    26    23    37
 :    0)
 :    3)     82    29    41
 :    4)     15    39    58     4
 :    8)     77     6    73    86    21    45    24    72
>Row: 2 Col: 9
 :    6)     29    78    16    35    90    42
 :    2)      6    40
 :    10)    64    48    46     5    90    29    70    50     6   [ 1]
 :    6)     48    29    23    84    54    56
 :    4)     66    76    31     8
 :    4)     39    26    23    37
 :    0)
 :    3)     82    29    41
 :    4)     15    39    58     4
 :    8)     77     6    73    86    21    45    24    72
>Row: 2 Col: 9
 :    6)     29    78    16    35    90    42
 :    2)      6    40
 :    10)    64    48    46     5    90    29    70    50     6   [ 1]
 :    6)     48    29    23    84    54    56
 :    4)     66    76    31     8
 :    4)     39    26    23    37
 :    0)
 :    3)     82    29    41
 :    4)     15    39    58     4
 :    8)     77     6    73    86    21    45    24    72
>Row: 2 Col: 9
 :    6)     29    78    16    35    90    42
 :    2)      6    40
 :    10)    64    48    46     5    90    29    70    50     6   [ 1]
 :    6)     48    29    23    84    54    56
 :    4)     66    76    31     8
 :    4)     39    26    23    37
 :    0)
 :    3)     82    29    41
 :    4)     15    39    58     4
 :    8)     77     6    73    86    21    45    24    72
>Row: 2 Col: 9
 :    6)     29    78    16    35    90    42
 :    2)      6    40
 :    10)    64    48    46     5    90    29    70    50     6   [ 1]
 :    6)     48    29    23    84    54    56
 :    4)     66    76    31     8
 :    4)     39    26    23    37
 :    0)
 :    3)     82    29    41
 :    4)     15    39    58     4
 :    8)     77     6    73    86    21    45    24    72
>2
Row: 3 Col: 5
 :    6)     29    78    16    35    90    42
 :    2)      6    40
 :    10)    64    48    46     5    90    29    70    50     6     1
 :    6)     48    29    23    84    54   [56]
 :    4)     66    76    31     8
 :    4)     39    26    23    37
 :    0)
 :    3)     82    29    41
 :    4)     15    39    58     4
 :    8)     77     6    73    86    21    45    24    72
>2
Row: 4 Col: 3
 :    6)     29    78    16    35    90    42
 :    2)      6    40
 :    10)    64    48    46     5    90    29    70    50     6     1
 :    6)     48    29    23    84    54    56
 :    4)     66    76    31   [ 8]
 :    4)     39    26    23    37
 :    0)
 :    3)     82    29    41
 :    4)     15    39    58     4
 :    8)     77     6    73    86    21    45    24    72
>4
Row: 4 Col: 2
 :    6)     29    78    16    35    90    42
 :    2)      6    40
 :    10)    64    48    46     5    90    29    70    50     6     1
 :    6)     48    29    23    84    54    56
 :    4)     66    76   [31]    8
 :    4)     39    26    23    37
 :    0)
 :    3)     82    29    41
 :    4)     15    39    58     4
 :    8)     77     6    73    86    21    45    24    72
>4
Row: 4 Col: 1
 :    6)     29    78    16    35    90    42
 :    2)      6    40
 :    10)    64    48    46     5    90    29    70    50     6     1
 :    6)     48    29    23    84    54    56
 :    4)     66   [76]   31     8
 :    4)     39    26    23    37
 :    0)
 :    3)     82    29    41
 :    4)     15    39    58     4
 :    8)     77     6    73    86    21    45    24    72
>4
Row: 4 Col: 0
 :    6)     29    78    16    35    90    42
 :    2)      6    40
 :    10)    64    48    46     5    90    29    70    50     6     1
 :    6)     48    29    23    84    54    56
 :    4)    [66]   76    31     8
 :    4)     39    26    23    37
 :    0)
 :    3)     82    29    41
 :    4)     15    39    58     4
 :    8)     77     6    73    86    21    45    24    72
>4
Row: 4 Col: 0
 :    6)     29    78    16    35    90    42
 :    2)      6    40
 :    10)    64    48    46     5    90    29    70    50     6     1
 :    6)     48    29    23    84    54    56
 :    4)    [66]   76    31     8
 :    4)     39    26    23    37
 :    0)
 :    3)     82    29    41
 :    4)     15    39    58     4
 :    8)     77     6    73    86    21    45    24    72
>2
Row: 5 Col: 0
 :    6)     29    78    16    35    90    42
 :    2)      6    40
 :    10)    64    48    46     5    90    29    70    50     6     1
 :    6)     48    29    23    84    54    56
 :    4)     66    76    31     8
 :    4)    [39]   26    23    37
 :    0)
 :    3)     82    29    41
 :    4)     15    39    58     4
 :    8)     77     6    73    86    21    45    24    72
>6
Row: 5 Col: 1
 :    6)     29    78    16    35    90    42
 :    2)      6    40
 :    10)    64    48    46     5    90    29    70    50     6     1
 :    6)     48    29    23    84    54    56
 :    4)     66    76    31     8
 :    4)     39   [26]   23    37
 :    0)
 :    3)     82    29    41
 :    4)     15    39    58     4
 :    8)     77     6    73    86    21    45    24    72
>6
Row: 5 Col: 2
 :    6)     29    78    16    35    90    42
 :    2)      6    40
 :    10)    64    48    46     5    90    29    70    50     6     1
 :    6)     48    29    23    84    54    56
 :    4)     66    76    31     8
 :    4)     39    26   [23]   37
 :    0)
 :    3)     82    29    41
 :    4)     15    39    58     4
 :    8)     77     6    73    86    21    45    24    72
>i23
Row: 5 Col: 2
 :    6)     29    78    16    35    90    42
 :    2)      6    40
 :    10)    64    48    46     5    90    29    70    50     6     1
 :    6)     48    29    23    84    54    56
 :    4)     66    76    31     8
 :    5)     39    26   [23]   23    37
 :    0)
 :    3)     82    29    41
 :    4)     15    39    58     4
 :    8)     77     6    73    86    21    45    24    72
>i23
Row: 5 Col: 2
 :    6)     29    78    16    35    90    42
 :    2)      6    40
 :    10)    64    48    46     5    90    29    70    50     6     1
 :    6)     48    29    23    84    54    56
 :    4)     66    76    31     8
 :    6)     39    26   [23]   23    23    37
 :    0)
 :    3)     82    29    41
 :    4)     15    39    58     4
 :    8)     77     6    73    86    21    45    24    72
>i23
Row: 5 Col: 2
 :    6)     29    78    16    35    90    42
 :    2)      6    40
 :    10)    64    48    46     5    90    29    70    50     6     1
 :    6)     48    29    23    84    54    56
 :    4)     66    76    31     8
 :    7)     39    26   [23]   23    23    23    37
 :    0)
 :    3)     82    29    41
 :    4)     15    39    58     4
 :    8)     77     6    73    86    21    45    24    72
>a37
Row: 5 Col: 7
 :    6)     29    78    16    35    90    42
 :    2)      6    40
 :    10)    64    48    46     5    90    29    70    50     6     1
 :    6)     48    29    23    84    54    56
 :    4)     66    76    31     8
 :    8)     39    26    23    23    23    23    37   [37]
 :    0)
 :    3)     82    29    41
 :    4)     15    39    58     4
 :    8)     77     6    73    86    21    45    24    72
>u
Row: 5 Col: 3
 :    6)     29    78    16    35    90    42
 :    2)      6    40
 :    10)    64    48    46     5    90    29    70    50     6     1
 :    6)     48    29    23    84    54    56
 :    4)     66    76    31     8
 :    4)     39    26    23   [37]
 :    0)
 :    3)     82    29    41
 :    4)     15    39    58     4
 :    8)     77     6    73    86    21    45    24    72
>d
Row: 5 Col: 2
 :    6)     29    78    16    35    90    42
 :    2)      6    40
 :    10)    64    48    46     5    90    29    70    50     6     1
 :    6)     48    29    23    84    54    56
 :    4)     66    76    31     8
 :    3)     39    26   [23]
 :    0)
 :    3)     82    29    41
 :    4)     15    39    58     4
 :    8)     77     6    73    86    21    45    24    72
>d
Row: 5 Col: 1
 :    6)     29    78    16    35    90    42
 :    2)      6    40
 :    10)    64    48    46     5    90    29    70    50     6     1
 :    6)     48    29    23    84    54    56
 :    4)     66    76    31     8
 :    2)     39   [26]
 :    0)
 :    3)     82    29    41
 :    4)     15    39    58     4
 :    8)     77     6    73    86    21    45    24    72
>d
Row: 5 Col: 0
 :    6)     29    78    16    35    90    42
 :    2)      6    40
 :    10)    64    48    46     5    90    29    70    50     6     1
 :    6)     48    29    23    84    54    56
 :    4)     66    76    31     8
 :    1)    [39]
 :    0)
 :    3)     82    29    41
 :    4)     15    39    58     4
 :    8)     77     6    73    86    21    45    24    72
>5
Enter correct command!
>7
Row: 0 Col: 0
 :    6)    [29]   78    16    35    90    42
 :    2)      6    40
 :    10)    64    48    46     5    90    29    70    50     6     1
 :    6)     48    29    23    84    54    56
 :    4)     66    76    31     8
 :    1)     39
 :    0)
 :    3)     82    29    41
 :    4)     15    39    58     4
 :    8)     77     6    73    86    21    45    24    72
>1
Row: 9 Col: 7
 :    6)     29    78    16    35    90    42
 :    2)      6    40
 :    10)    64    48    46     5    90    29    70    50     6     1
 :    6)     48    29    23    84    54    56
 :    4)     66    76    31     8
 :    1)     39
 :    0)
 :    3)     82    29    41
 :    4)     15    39    58     4
 :    8)     77     6    73    86    21    45    24   [72]
>q
Row: 9 Col: 7
 :    6)     29    78    16    35    90    42
 :    2)      6    40
 :    10)    64    48    46     5    90    29    70    50     6     1
 :    6)     48    29    23    84    54    56
 :    4)     66    76    31     8
 :    1)     39
 :    0)
 :    3)     82    29    41
 :    4)     15    39    58     4
 :    8)     77     6    73    86    21    45    24   [72]

Thank you!

Press <RETURN> to close this window...
