3_11_e^x

Enter X: 1

2.0000000000 2.5000000000 2.6666666667 2.7083333333 2.7166666667
2.7180555556 2.7182539683 2.7182787698 2.7182815256 2.7182818011
2.7182818262 2.7182818283 2.7182818284 2.7182818285 2.7182818285
2.7182818285 2.7182818285 2.7182818285 2.7182818285 2.7182818285
2.7182818285 2.7182818285 2.7182818285 2.7182818285 2.7182818285
2.7182818285 2.7182818285 2.7182818285 2.7182818285 2.7182818285
2.7182818285 2.7182818285 2.7182818285 2.7182818285 2.7182818285
2.7182818285 2.7182818285 2.7182818285 2.7182818285 2.7182818285
2.7182818285 2.7182818285 2.7182818285 2.7182818285 2.7182818285
2.7182818285 2.7182818285 2.7182818285 2.7182818285 2.7182818285
2.7182818285 2.7182818285 2.7182818285 2.7182818285 2.7182818285
2.7182818285 2.7182818285 2.7182818285 2.7182818285 2.7182818285
2.7182818285 2.7182818285 2.7182818285 2.7182818285 2.7182818285
2.7182818285 2.7182818285 2.7182818285 2.7182818285 2.7182818285
2.7182818285 2.7182818285 2.7182818285 2.7182818285 2.7182818285
2.7182818285 2.7182818285 2.7182818285 2.7182818285 2.7182818285
2.7182818285 2.7182818285 2.7182818285 2.7182818285 2.7182818285
2.7182818285 2.7182818285 2.7182818285 2.7182818285 2.7182818285
2.7182818285 2.7182818285 2.7182818285 2.7182818285 2.7182818285
2.7182818285 2.7182818285 2.7182818285 2.7182818285 2.7182818285
==========================================================================

Do you want to repeat the calculation?(y/n) y
Enter X: 2

3.0000000000 5.0000000000 6.3333333333 7.0000000000 7.2666666667
7.3555555556 7.3809523810 7.3873015873 7.3887125220 7.3889947090
7.3890460157 7.3890545668 7.3890558824 7.3890560703 7.3890560954
7.3890560985 7.3890560989 7.3890560989 7.3890560989 7.3890560989
7.3890560989 7.3890560989 7.3890560989 7.3890560989 7.3890560989
7.3890560989 7.3890560989 7.3890560989 7.3890560989 7.3890560989
7.3890560989 7.3890560989 7.3890560989 7.3890560989 7.3890560989
7.3890560989 7.3890560989 7.3890560989 7.3890560989 7.3890560989
7.3890560989 7.3890560989 7.3890560989 7.3890560989 7.3890560989
7.3890560989 7.3890560989 7.3890560989 7.3890560989 7.3890560989
7.3890560989 7.3890560989 7.3890560989 7.3890560989 7.3890560989
7.3890560989 7.3890560989 7.3890560989 7.3890560989 7.3890560989
7.3890560989 7.3890560989 7.3890560989 7.3890560989 7.3890560989
7.3890560989 7.3890560989 7.3890560989 7.3890560989 7.3890560989
7.3890560989 7.3890560989 7.3890560989 7.3890560989 7.3890560989
7.3890560989 7.3890560989 7.3890560989 7.3890560989 7.3890560989
7.3890560989 7.3890560989 7.3890560989 7.3890560989 7.3890560989
7.3890560989 7.3890560989 7.3890560989 7.3890560989 7.3890560989
7.3890560989 7.3890560989 7.3890560989 7.3890560989 7.3890560989
7.3890560989 7.3890560989 7.3890560989 7.3890560989 7.3890560989
==========================================================================

Do you want to repeat the calculation?(y/n) y
Enter X: 3

4.0000000000 8.5000000000 13.0000000000 16.3750000000 18.4000000000
19.4125000000 19.8464285714 20.0091517857 20.0633928571 20.0796651786
20.0841030844 20.0852125609 20.0854685939 20.0855234581 20.0855344310
20.0855364884 20.0855368515 20.0855369120 20.0855369215 20.0855369230
20.0855369232 20.0855369232 20.0855369232 20.0855369232 20.0855369232
20.0855369232 20.0855369232 20.0855369232 20.0855369232 20.0855369232
20.0855369232 20.0855369232 20.0855369232 20.0855369232 20.0855369232
20.0855369232 20.0855369232 20.0855369232 20.0855369232 20.0855369232
20.0855369232 20.0855369232 20.0855369232 20.0855369232 20.0855369232
20.0855369232 20.0855369232 20.0855369232 20.0855369232 20.0855369232
20.0855369232 20.0855369232 20.0855369232 20.0855369232 20.0855369232
20.0855369232 20.0855369232 20.0855369232 20.0855369232 20.0855369232
20.0855369232 20.0855369232 20.0855369232 20.0855369232 20.0855369232
20.0855369232 20.0855369232 20.0855369232 20.0855369232 20.0855369232
20.0855369232 20.0855369232 20.0855369232 20.0855369232 20.0855369232
20.0855369232 20.0855369232 20.0855369232 20.0855369232 20.0855369232
20.0855369232 20.0855369232 20.0855369232 20.0855369232 20.0855369232
20.0855369232 20.0855369232 20.0855369232 20.0855369232 20.0855369232
20.0855369232 20.0855369232 20.0855369232 20.0855369232 20.0855369232
20.0855369232 20.0855369232 20.0855369232 20.0855369232 20.0855369232
==========================================================================

Do you want to repeat the calculation?(y/n) n

Thank you!

==========================================================================


Press <RETURN> to close this window...
